12
3
12
3
4
5
4
7
5500
6971
3572
7600
2822
5687
9741
8623
7954
1029
9913
380
7965
3679
2626
3699
7972
8302
1799
5911
6896
2345
2048
5772
7308
7064
5155
7869
4414
1925
6966
3105
6399
1428
659
5416
606
6630
5682
7950
1226
2986
8264
683
190
6709
1730
8195
7897
406
618
8967
6141
2747
2184
1060
6496
1680
2840
1528
6302
7528
2628
2823
5314
8508
6118
6494
355
780
7067
8767
4220
902
3795
8699
9786
1397
6590
8925
5384
1984
1584
1064
1677
6095
3943
1547
7544
5289
1003
8039
7
2735
7084
3671
6493
5491
8580
2125
6533
4959
2038
6603
4346
1680
7736
6677
3765
7841
3069
9739
5640
2811
6111
641
8113
1383
4766
4282
818
9024
9398
8531
1459
7937
6146
2585
5037
7647
523
636
2404
2095
7604
8550
6585
3575
4285
5770
9180
9220
8595
5084
5615
5400
8198
2006
590
3806
5073
8850
5188
2877
4334
1259
2475
9425
2012
8105
3721
9476
1396
2011
8552
1436
8017
6163
6294
582
7580
5536
402
8780
7331
8706
2685
638
7046
1789
5260
